-37 -37 -37 -37 -37 -37 -37 -37 -37 -37 -37 -37 -37 -37 -37 -37 -37 -37 -37 -37 -37 -37 -37 -37 -37 -37 -37 -37 -37 -37 -37 -37 -37 -37 -37 -37 -37 -37 -37 -37 -37 -37 -37 -37 -37 -37 -37 -37 -37 -37 -37 -37 -37 -37 -37 -37 -37 -37 -37 -37 -37 
-37 -80 -80 -80 -80 -80 -80 -80 -80 -80 -80 -80 -80 -80 -80 -37 -80 -80 -80 -80 -80 -80 -80 -80 -80 -80 -80 -80 -80 -80 -37 -80 -80 -80 -80 -80 -80 -80 -80 -80 -80 -80 -80 -80 -80 -37 -80 -80 -80 -80 -80 -80 -80 -80 -80 -80 -80 -80 -80 -80 -37 
-37 -80 -80 -36 -33 -36 -33 -36 -33 -36 -33 -36 -33 -80 -80 -37 -80 -80 -36 -33 -36 -33 -36 -33 -36 -33 -36 -33 -80 -80 -37 -80 -80 -36 -33 -36 -33 -36 -33 -36 -33 -36 -33 -80 -80 -37 -80 -80 -36 -33 -36 -33 -36 -33 -36 -33 -36 -33 -80 -80 -37 
-37 -80 -80 -36 -33 -80 -80 -80 -80 -80 -80 -36 -33 -80 -80 -37 -80 -80 -36 -33 -80 -80 -80 -80 -80 -80 -36 -33 -80 -80 -37 -80 -80 -36 -33 -80 -80 -80 -80 -80 -80 -80 -80 -80 -80 -37 -80 -80 -36 -33 -80 -80 -80 -80 -80 -80 -80 -80 -80 -80 -37 
-37 -80 -80 -36 -33 -80 -80 -37 -37 -80 -80 -36 -33 -80 -80 -37 -80 -80 -36 -33 -80 -80 -37 -37 -80 -80 -36 -33 -80 -80 -37 -80 -80 -36 -33 -80 -80 -37 -37 -37 -37 -37 -37 -37 -37 -37 -80 -80 -36 -33 -80 -80 -37 -37 -37 -37 -37 -37 -37 -37 -37 
-37 -80 -80 -36 -33 -80 -80 -80 -80 -80 -80 -36 -33 -80 -80 -37 -80 -80 -36 -33 -80 -80 -80 -80 -80 -80 -36 -33 -80 -80 -37 -80 -80 -36 -33 -80 -80 -37 -37 -37 -37 -37 -37 -37 -37 -37 -80 -80 -36 -33 -80 -80 -80 -80 -80 -80 -80 -80 -80 -80 -37 
-37 -80 -80 -36 -33 -36 -33 -36 -33 -36 -33 -36 -33 -80 -80 -37 -80 -80 -36 -33 -36 -33 -36 -33 -36 -33 -36 -33 -80 -80 -37 -80 -80 -36 -33 -80 -80 -37 -37 -37 -37 -37 -37 -37 -37 -37 -80 -80 -36 -33 -36 -33 -36 -33 -36 -33 -36 -33 -80 -80 -37 
-37 -80 -80 -36 -33 -80 -80 -80 -80 -80 -80 -36 -33 -80 -80 -37 -80 -80 -36 -33 -80 -80 -80 -80 -80 -80 -80 -80 -80 -80 -37 -80 -80 -36 -33 -80 -80 -37 -37 -37 -37 -37 -37 -37 -37 -37 -80 -80 -80 -80 -80 -80 -80 -80 -80 -80 -36 -33 -80 -80 -37 
-37 -80 -80 -36 -33 -80 -80 -37 -37 -80 -80 -36 -33 -80 -80 -37 -80 -80 -36 -33 -80 -80 -37 -37 -37 -37 -37 -37 -37 -37 -37 -80 -80 -36 -33 -80 -80 -37 -37 -37 -37 -37 -37 -37 -37 -37 -37 -37 -37 -37 -37 -37 -37 -37 -80 -80 -36 -33 -80 -80 -37 
-37 -80 -80 -36 -33 -80 -80 -37 -37 -80 -80 -36 -33 -80 -80 -37 -80 -80 -36 -33 -80 -80 -37 -37 -37 -37 -37 -37 -37 -37 -37 -80 -80 -36 -33 -80 -80 -80 -80 -80 -80 -80 -80 -80 -80 -37 -80 -80 -80 -80 -80 -80 -80 -80 -80 -80 -36 -33 -80 -80 -37 
-37 -80 -80 -36 -33 -80 -80 -37 -37 -80 -80 -36 -33 -80 -80 -37 -80 -80 -36 -33 -80 -80 -37 -37 -37 -37 -37 -37 -37 -37 -37 -80 -80 -36 -33 -36 -33 -36 -33 -36 -33 -36 -33 -80 -80 -37 -80 -80 -36 -33 -36 -33 -36 -33 -36 -33 -36 -33 -80 -80 -37 
-37 -80 -80 -80 -80 -80 -80 -37 -37 -80 -80 -80 -80 -80 -80 -37 -80 -80 -80 -80 -80 -80 -37 -37 -37 -37 -37 -37 -37 -37 -37 -80 -80 -80 -80 -80 -80 -80 -80 -80 -80 -80 -80 -80 -80 -37 -80 -80 -80 -80 -80 -80 -80 -80 -80 -80 -80 -80 -80 -80 -37 
-37 -37 -37 -37 -37 -37 -37 -37 -37 -37 -37 -37 -37 -37 -37 -37 -37 -37 -37 -37 -37 -37 -37 -37 -37 -37 -37 -37 -37 -37 -37 -37 -37 -37 -37 -37 -37 -37 -37 -37 -37 -37 -37 -37 -37 -37 -37 -37 -37 -37 -37 -37 -37 -37 -37 -37 -37 -37 -37 -37 -37 
